"DAY" "Date" "Radiation" "MinTemp" "MaxTemp" "MeanTemp"
1 "01.01.1996" 1.9968 0.3 2.6 1.45
2 "02.01.1996" 2.1911 -0.9 2.1 0.6
3 "03.01.1996" 0.7564 -0.5 0.9 0.2
4 "04.01.1996" 4.3056 -0.9 1.1 0.1
5 "05.01.1996" 3.8569 0 3.6 1.8
6 "06.01.1996" 1.3625 -5.5 -1.6 -3.55
7 "07.01.1996" 1.2501 -1.5 4 1.25
8 "08.01.1996" 1.666 -0.7 5.1 2.2
9 "09.01.1996" 0.8972 3.6 5.5 4.55
10 "10.01.1996" 0.9756 1.8 5.2 3.5
11 "11.01.1996" 2.3876 1.6 5.4 3.5
12 "12.01.1996" 1.5782 5 9.2 7.1
13 "13.01.1996" 3.7426 1.3 9.8 5.55
14 "14.01.1996" 3.2616 0.6 4.3 2.45
15 "15.01.1996" 3.145 0.9 3.5 2.2
16 "16.01.1996" 3.4255 0.8 2.8 1.8
17 "17.01.1996" 2.2313 -0.8 0.7 -0.05
18 "18.01.1996" 4.1902 -0.3 1.8 0.75
19 "19.01.1996" 2.4833 -2.3 -0.5 -1.4
20 "20.01.1996" 1.1967 0.1 2.3 1.2
21 "21.01.1996" 3.2901 -0.3 1.4 0.55
22 "22.01.1996" 4.8016 -2.2 2.2 0
23 "23.01.1996" 3.8129 -4.3 0 -2.15
24 "24.01.1996" 3.7478 -3 0.1 -1.45
25 "25.01.1996" 1.6735 -7.2 -2.8 -5
26 "26.01.1996" 1.6425 -8.6 -6 -7.3
27 "27.01.1996" 2.5841 -5.8 -0.2 -3
28 "28.01.1996" 3.1556 -4.7 -2.1 -3.4
29 "29.01.1996" 3.8414 -3.5 1.8 -0.85
30 "30.01.1996" 6.2841 -6.7 2.5 -2.1
31 "31.01.1996" 7.708 -9 5.5 -1.75
32 "01.02.1996" 7.0414 -10.4 0.3 -5.05
33 "02.02.1996" 1.213 -7.9 -0.2 -4.05
34 "03.02.1996" 3.5083 -2.6 0.1 -1.25
35 "04.02.1996" 3.8029 -5.3 -0.8 -3.05
36 "05.02.1996" 5.302 -6.8 0.1 -3.35
37 "06.02.1996" 7.8171 -6.7 -0.7 -3.7
38 "07.02.1996" 4.529 -7.8 -2.2 -5
39 "08.02.1996" 4.8268 -5.3 -1.8 -3.55
40 "09.02.1996" 5.6508 -4.6 3.8 -0.4
41 "10.02.1996" 5.9202 -0.1 6.1 3
42 "11.02.1996" 4.2469 0.4 5.4 2.9
43 "12.02.1996" 1.0174 1.4 5 3.2
44 "13.02.1996" 0.9868 0.3 1.8 1.05
45 "14.02.1996" 1.0964 0 1.5 0.75
46 "15.02.1996" 3.6387 -0.8 0.3 -0.25
47 "16.02.1996" 1.0695 0.1 6.5 3.3
48 "17.02.1996" 4.2236 2.8 6.2 4.5
49 "18.02.1996" 2.5239 2.5 5.3 3.9
50 "19.02.1996" 3.3029 0.9 5.3 3.1
51 "20.02.1996" 2.0517 -3 1.9 -0.55
52 "21.02.1996" 4.3937 -5.8 -2.7 -4.25
53 "22.02.1996" 6.8771 -5.9 -1 -3.45
54 "23.02.1996" 9.0721 -7.9 0.8 -3.55
55 "24.02.1996" 4.1767 -2.5 4.4 0.95
56 "25.02.1996" 3.4869 3.8 11.5 7.65
57 "26.02.1996" 9.0013 5 13.4 9.2
58 "27.02.1996" 4.7361 4.6 7.6 6.1
59 "28.02.1996" 3.8339 2.1 7.7 4.9
60 "29.02.1996" 2.5701 -0.9 3.1 1.1
61 "01.03.1996" 2.1363 0 2.8 1.4
62 "02.03.1996" 8.0071 -1.5 2.9 0.7
63 "03.03.1996" 8.1406 -1.5 4.3 1.4
64 "04.03.1996" 7.8091 -4 5.5 0.75
65 "05.03.1996" 2.6808 1.4 5.6 3.5
66 "06.03.1996" 2.8824 0.4 4.9 2.65
67 "07.03.1996" 4.1737 1.6 5.1 3.35
68 "08.03.1996" 12.249 -0.5 7.7 3.6
69 "09.03.1996" 13.5374 -0.9 7.4 3.25
70 "10.03.1996" 12.8415 -1.7 8.6 3.45
71 "11.03.1996" 5.9843 -4.5 0.3 -2.1
72 "12.03.1996" 13.5882 -5.6 1.2 -2.2
73 "13.03.1996" 12.1643 -5.9 0.8 -2.55
74 "14.03.1996" 13.1526 -4.1 7.1 1.5
75 "15.03.1996" 12.9067 0.5 13.6 7.05
76 "16.03.1996" 9.468 0.8 9.7 5.25
77 "17.03.1996" 3.5178 3.9 8 5.95
78 "18.03.1996" 3.8196 3.6 8.1 5.85
79 "19.03.1996" 8.992 -0.1 11.2 5.55
80 "20.03.1996" 11.5619 4.7 14.1 9.4
81 "21.03.1996" 8.2178 6 14.4 10.2
82 "22.03.1996" 3.2052 5.6 10.4 8
83 "23.03.1996" 2.5743 6.3 14.1 10.2
84 "24.03.1996" 5.3453 5.5 11.5 8.5
85 "25.03.1996" 12.8837 2.8 10.9 6.85
86 "26.03.1996" 2.9343 2.3 8.3 5.3
87 "27.03.1996" 17.6572 -1.9 7 2.55
88 "28.03.1996" 15.9267 -4 7.2 1.6
89 "29.03.1996" 8.3362 0.7 6.8 3.75
90 "30.03.1996" 8.3414 0 4.4 2.2
91 "31.03.1996" 9.5802 -1.1 4.5 1.7
92 "01.04.1996" 16.7497 -0.8 5.7 2.45
93 "02.04.1996" 13.8496 -2.5 5.6 1.55
94 "03.04.1996" 15.2015 -1.3 7.9 3.3
95 "04.04.1996" 7.1071 1.7 6.9 4.3
96 "05.04.1996" 12.9185 3.8 12.6 8.2
97 "06.04.1996" 16.0867 5.3 17.7 11.5
98 "07.04.1996" 14.1918 2.5 15 8.75
99 "08.04.1996" 3.9065 4 9.1 6.55
100 "09.04.1996" 14.9665 5.3 16.6 10.95
101 "10.04.1996" 18.3864 5.4 17.1 11.25
102 "11.04.1996" 2.3389 6 11.6 8.8
103 "12.04.1996" 15.4496 2.4 9.7 6.05
104 "13.04.1996" 20.4535 -0.1 10.7 5.3
105 "14.04.1996" 21.3381 -1.1 12 5.45
106 "15.04.1996" 22.1284 -0.8 17.3 8.25
107 "16.04.1996" 20.0789 0.4 17.7 9.05
108 "17.04.1996" 17.6686 2 19.1 10.55
109 "18.04.1996" 20.3771 10.1 18.5 14.3
110 "19.04.1996" 19.213 6.3 22.9 14.6
111 "20.04.1996" 17.3005 6.9 26.1 16.5
112 "21.04.1996" 23.2471 9.8 28.5 19.15
113 "22.04.1996" 17.5265 15.4 23.6 19.5
114 "23.04.1996" 14.3982 14 20.7 17.35
115 "24.04.1996" 16.0062 8.3 15.5 11.9
116 "25.04.1996" 19.9388 6.7 17.8 12.25
117 "26.04.1996" 22.0727 3.7 17.9 10.8
118 "27.04.1996" 23.4398 6.3 22.3 14.3
119 "28.04.1996" 6.3391 9.1 15.3 12.2
120 "29.04.1996" 15.1433 5.7 12.2 8.95
121 "30.04.1996" 21.3158 4 15.9 9.95
122 "01.05.1996" 15.3432 4.2 21 12.6
123 "02.05.1996" 10.0217 9.3 15.3 12.3
124 "03.05.1996" 13.3605 8.8 16.4 12.6
125 "04.05.1996" 6.2458 5.9 9.9 7.9
126 "05.05.1996" 18.6888 1.3 10.6 5.95
127 "06.05.1996" 13.6756 1.6 12.5 7.05
128 "07.05.1996" 10.6571 8 13.9 10.95
129 "08.05.1996" 4.3403 8 10.6 9.3
130 "09.05.1996" 14.1104 5.1 11.7 8.4
131 "10.05.1996" 5.2246 5 9.3 7.15
132 "11.05.1996" 4.6251 6.8 10.8 8.8
133 "12.05.1996" 4.4119 8.3 10.5 9.4
134 "13.05.1996" 3.083 7.4 10.1 8.75
135 "14.05.1996" 6.7394 7.9 12.5 10.2
136 "15.05.1996" 6.7967 8.5 10.8 9.65
137 "16.05.1996" 10.5047 5.6 12.4 9
138 "17.05.1996" 16.5656 9.6 20.5 15.05
139 "18.05.1996" 9.5173 10.2 18.2 14.2
140 "19.05.1996" 9.3559 11.1 16.1 13.6
141 "20.05.1996" 23.1093 7.1 16.1 11.6
142 "21.05.1996" 17.8174 7.1 15.5 11.3
143 "22.05.1996" 19.6653 5.2 14.6 9.9
144 "23.05.1996" 9.7678 10.6 17.6 14.1
145 "24.05.1996" 19.835 11.7 22 16.85
146 "25.05.1996" 8.4411 10.3 17.8 14.05
147 "26.05.1996" 19.2277 8 17.1 12.55
148 "27.05.1996" 7.6674 8.9 15.1 12
149 "28.05.1996" 19.3276 6 13.9 9.95
150 "29.05.1996" 20.3756 8.5 23.6 16.05
151 "30.05.1996" 24.8683 12.5 27.2 19.85
152 "31.05.1996" 21.7028 14.8 22.7 18.75
153 "01.06.1996" 13.8225 10.7 18 14.35
154 "02.06.1996" 10.51 8.8 17.5 13.15
155 "03.06.1996" 21.7943 11.8 20.1 15.95
156 "04.06.1996" 27.247 9.8 23.3 16.55
157 "05.06.1996" 29.684 11.5 27.4 19.45
158 "06.06.1996" 26.0753 12.6 33 22.8
159 "07.06.1996" 21.916 16.8 34 25.4
160 "08.06.1996" 20.7007 17.6 31.3 24.45
161 "09.06.1996" 26.6774 15.6 23.9 19.75
162 "10.06.1996" 29.3554 12 28.3 20.15
163 "11.06.1996" 21.907 16 29.3 22.65
164 "12.06.1996" 15.467 12.3 22.2 17.25
165 "13.06.1996" 24.2588 6.4 19.8 13.1
166 "14.06.1996" 24.2865 8.3 18.5 13.4
167 "15.06.1996" 29.4372 6 24.6 15.3
168 "16.06.1996" 27.9823 9.1 25.1 17.1
169 "17.06.1996" 29.3543 7.9 24.1 16
170 "18.06.1996" 19.128 13.3 23.5 18.4
171 "19.06.1996" 8.8705 8.2 14.9 11.55
172 "20.06.1996" 3.6703 10.2 12.3 11.25
173 "21.06.1996" 18.7319 8.9 16.5 12.7
174 "22.06.1996" 13.4165 9.3 16.2 12.75
175 "23.06.1996" 8.7162 9.9 15.1 12.5
176 "24.06.1996" 9.5727 9.9 13.8 11.85
177 "25.06.1996" 11.3814 10.2 16.9 13.55
178 "26.06.1996" 24.2982 5.8 20.6 13.2
179 "27.06.1996" 5.8136 10.1 18.5 14.3
180 "28.06.1996" 18.5632 13.6 24.7 19.15
181 "29.06.1996" 6.8849 11 17.8 14.4
182 "30.06.1996" 12.1357 11.3 17 14.15
183 "01.07.1996" 14.3894 11 17.9 14.45
184 "02.07.1996" 13.3664 11.2 18.1 14.65
185 "03.07.1996" 15.9186 11.8 23.1 17.45
186 "04.07.1996" 18.7854 14.3 22.2 18.25
187 "05.07.1996" 6.3416 11.2 18.1 14.65
188 "06.07.1996" 15.7959 10 15.6 12.8
189 "07.07.1996" 17.7075 8.4 18.4 13.4
190 "08.07.1996" 15.5088 10.7 17.1 13.9
191 "09.07.1996" 10.9961 8.5 17 12.75
192 "10.07.1996" 9.8749 13.4 17.4 15.4
193 "11.07.1996" 19.9211 10.7 24.7 17.7
194 "12.07.1996" 19.0864 16.1 24.5 20.3
195 "13.07.1996" 18.3356 13.7 24 18.85
196 "14.07.1996" 19.2551 14 26.1 20.05
197 "15.07.1996" 20.331 15.9 22.4 19.15
198 "16.07.1996" 20.7298 9.5 20.6 15.05
199 "17.07.1996" 23.6683 8.3 21.3 14.8
200 "18.07.1996" 22.4155 8.1 21.1 14.6
201 "19.07.1996" 20.2879 10.7 25.2 17.95
202 "20.07.1996" 27.7853 8 26.7 17.35
203 "21.07.1996" 24.5694 8.5 28.7 18.6
204 "22.07.1996" 25.1753 10.5 29.1 19.8
205 "23.07.1996" 18.5257 10.6 27.1 18.85
206 "24.07.1996" 7.0778 14.9 18.8 16.85
207 "25.07.1996" 9.4296 12.8 19.8 16.3
208 "26.07.1996" 16.0864 14.6 22.2 18.4
209 "27.07.1996" 19.5938 10 24.9 17.45
210 "28.07.1996" 13.9158 15.8 23.7 19.75
211 "29.07.1996" 13.8004 14.2 24.7 19.45
212 "30.07.1996" 21.9509 12.4 25.6 19
213 "31.07.1996" 16.7569 16.2 22.8 19.5
214 "01.08.1996" 18.814 15.8 26.1 20.95
215 "02.08.1996" 21.0267 10.9 24.5 17.7
216 "03.08.1996" 21.3198 12.3 22.2 17.25
217 "04.08.1996" 23.1061 8 24.4 16.2
218 "05.08.1996" 24.1747 9 23 16
219 "06.08.1996" 10.267 15.5 22.3 18.9
220 "07.08.1996" 24.242 13 23.2 18.1
221 "08.08.1996" 19.9097 8.6 26.9 17.75
222 "09.08.1996" 18.5261 10.7 29.7 20.2
223 "10.08.1996" 12.5172 17.2 31.2 24.2
224 "11.08.1996" 13.2623 16.9 23.6 20.25
225 "12.08.1996" 5.2655 14.9 18.2 16.55
226 "13.08.1996" 9.0911 14.2 19.7 16.95
227 "14.08.1996" 6.7522 14.4 20.6 17.5
228 "15.08.1996" 7.1911 14.1 19.8 16.95
229 "16.08.1996" 6.7992 13.5 18.6 16.05
230 "17.08.1996" 17.7662 10.1 22.2 16.15
231 "18.08.1996" 21.4479 11.5 28.5 20
232 "19.08.1996" 23.7351 12.7 29.3 21
233 "20.08.1996" 21.0567 12.5 29.2 20.85
234 "21.08.1996" 6.1366 16.4 22.5 19.45
235 "22.08.1996" 14.1385 15.8 22.4 19.1
236 "23.08.1996" 16.4008 11 27.2 19.1
237 "24.08.1996" 16.3635 13.6 23.6 18.6
238 "25.08.1996" 13.1015 13 22 17.5
239 "26.08.1996" 13.5965 13 20.7 16.85
240 "27.08.1996" 12.9235 9.7 23.5 16.6
241 "28.08.1996" 1.9942 12.8 15.8 14.3
242 "29.08.1996" 2.1877 12.7 15.3 14
243 "30.08.1996" 6.661 12.7 17.4 15.05
244 "31.08.1996" 8.9579 11.1 18.1 14.6
245 "01.09.1996" 14.7241 7.9 18.3 13.1
246 "02.09.1996" 16.2582 9.9 19.9 14.9
247 "03.09.1996" 17.4447 8 26.9 17.45
248 "04.09.1996" 15.7783 8.9 23.9 16.4
249 "05.09.1996" 15.8301 10.4 21.4 15.9
250 "06.09.1996" 15.0858 5.9 17.7 11.8
251 "07.09.1996" 16.5548 5.3 17.5 11.4
252 "08.09.1996" 9.0651 6.7 16.2 11.45
253 "09.09.1996" 13.3878 7.8 18.3 13.05
254 "10.09.1996" 6.1685 8.6 16.2 12.4
255 "11.09.1996" 8.7292 9.9 14.9 12.4
256 "12.09.1996" 8.6514 7.1 15.6 11.35
257 "13.09.1996" 7.2317 7.5 13.7 10.6
258 "14.09.1996" 5.9162 12 15.5 13.75
259 "15.09.1996" 9.3452 8.4 15.8 12.1
260 "16.09.1996" 11.7172 6.3 18.7 12.5
261 "17.09.1996" 15.0543 4 15.3 9.65
262 "18.09.1996" 6.3913 6.4 13.5 9.95
263 "19.09.1996" 13.2866 9.7 17.9 13.8
264 "20.09.1996" 8.4341 7.8 15.4 11.6
265 "21.09.1996" 6.9493 9.7 14.9 12.3
266 "22.09.1996" 2.5825 9.6 12.2 10.9
267 "23.09.1996" 2.52 9.9 12.1 11
268 "24.09.1996" 3.3898 10.2 12.5 11.35
269 "25.09.1996" 9.4509 8.9 17.5 13.2
270 "26.09.1996" 11.5642 7.1 21.6 14.35
271 "27.09.1996" 6.917 11.4 17.7 14.55
272 "28.09.1996" 8.5023 11.7 16.8 14.25
273 "29.09.1996" 3.6792 10.7 18.3 14.5
274 "30.09.1996" 11.1283 13.7 20 16.85
275 "01.10.1996" 1.1962 9.6 14 11.8
276 "02.10.1996" 8.9619 6.9 15.6 11.25
277 "03.10.1996" 12.7542 4.1 19.8 11.95
278 "04.10.1996" 6.6761 8.5 14.2 11.35
279 "05.10.1996" 6.5474 6.3 14 10.15
280 "06.10.1996" 6.2145 4.9 11.6 8.25
281 "07.10.1996" 10.3699 3.8 13.9 8.85
282 "08.10.1996" 11.4707 7.1 15.1 11.1
283 "09.10.1996" 8.8999 5.4 16.9 11.15
284 "10.10.1996" 1.2138 9.1 12.9 11
285 "11.10.1996" 7.7024 9.2 15.3 12.25
286 "12.10.1996" 8.7461 7.8 18.3 13.05
287 "13.10.1996" 9.5867 6.7 23.4 15.05
288 "14.10.1996" 8.7092 8.3 19.5 13.9
289 "15.10.1996" 4.9355 7.2 15.3 11.25
290 "16.10.1996" 2.5058 6 13.2 9.6
291 "17.10.1996" 6.8405 4.4 13.4 8.9
292 "18.10.1996" 8.3529 3 11.9 7.45
293 "19.10.1996" 6.6886 7.9 14.4 11.15
294 "20.10.1996" 1.1208 8 13.9 10.95
295 "21.10.1996" 4.487 9.9 16.7 13.3
296 "22.10.1996" 7.6964 7.2 14 10.6
297 "23.10.1996" 8.5392 3 13.6 8.3
298 "24.10.1996" 8.4175 3.9 14.4 9.15
299 "25.10.1996" 5.7993 5.8 14 9.9
300 "26.10.1996" 4.3572 7.1 14 10.55
301 "27.10.1996" 2.6466 6.5 13.1 9.8
302 "28.10.1996" 2.959 12.7 15.2 13.95
303 "29.10.1996" 2.265 8 15.9 11.95
304 "30.10.1996" 3.9538 7.1 9.7 8.4
305 "31.10.1996" 3.2815 7.9 11.7 9.8
306 "01.11.1996" 2.6153 8.1 13.8 10.95
307 "02.11.1996" 1.6958 7.9 13.5 10.7
308 "03.11.1996" 4.2602 12.7 15.7 14.2
309 "04.11.1996" 3.2757 11.8 13.6 12.7
310 "05.11.1996" 3.4458 7.2 14.9 11.05
311 "06.11.1996" 1.5519 6.5 14.5 10.5
312 "07.11.1996" 1.1481 8.1 11.3 9.7
313 "08.11.1996" 4.8235 4 9 6.5
314 "09.11.1996" 4.5584 4.3 11.7 8
315 "10.11.1996" 1.7955 6.2 8.8 7.5
316 "11.11.1996" 1.0553 6.5 11.4 8.95
317 "12.11.1996" 1.5068 5.5 10.8 8.15
318 "13.11.1996" 1.6921 3.1 8.8 5.95
319 "14.11.1996" 3.3697 0.3 5.9 3.1
320 "15.11.1996" 5.3202 -1.4 7.3 2.95
321 "16.11.1996" 2.5125 0.8 4.1 2.45
322 "17.11.1996" 2.5344 -0.4 4.8 2.2
323 "18.11.1996" 1.1293 -1.6 1.7 0.0499999999999999
324 "19.11.1996" 4.4144 2.2 5.9 4.05
325 "20.11.1996" 2.8662 2.5 7.8 5.15
326 "21.11.1996" 2.6838 1.3 5.7 3.5
327 "22.11.1996" 5.2994 -0.4 5.5 2.55
328 "23.11.1996" 1.0209 -0.6 2 0.7
329 "24.11.1996" 2.9177 -0.8 5 2.1
330 "25.11.1996" 0.8723 0.8 3.6 2.2
331 "26.11.1996" 0.6502 2.1 5.8 3.95
332 "27.11.1996" 0.3775 1 2 1.5
333 "28.11.1996" 0.7066 -0.9 2.3 0.7
334 "29.11.1996" 0.3723 0.8 4.2 2.5
335 "30.11.1996" 3.0724 3.7 6.9 5.3
336 "01.12.1996" 2.2265 0.9 6.9 3.9
337 "02.12.1996" 1.8877 4.7 6.7 5.7
338 "03.12.1996" 0.868 2.7 7.5 5.1
339 "04.12.1996" 1.4093 6 8.8 7.4
340 "05.12.1996" 0.83 5.6 6.5 6.05
341 "06.12.1996" 1.9339 3.5 6.4 4.95
342 "07.12.1996" 3.3351 -0.2 5.9 2.85
343 "08.12.1996" 3.7071 -1.2 1.6 0.2
344 "09.12.1996" 0.7155 -0.4 0.6 0.1
345 "10.12.1996" 0.9879 -0.5 0.9 0.2
346 "11.12.1996" 0.476 -1.5 0.3 -0.6
347 "12.12.1996" 3.9919 -0.9 2.9 1
348 "13.12.1996" 0.3336 -0.4 2.5 1.05
349 "14.12.1996" 2.9206 -3.3 1.4 -0.95
350 "15.12.1996" 0.5228 -2 4.7 1.35
351 "16.12.1996" 1.9958 1.6 5.9 3.75
352 "17.12.1996" 0.7366 1.7 3.9 2.8
353 "18.12.1996" 0.8955 0.1 6.3 3.2
354 "19.12.1996" 1.1145 3.8 8.5 6.15
355 "20.12.1996" 0.5834 0.2 7.3 3.75
356 "21.12.1996" 3.1628 -2.6 1.3 -0.65
357 "22.12.1996" 2.9923 -4.1 0.9 -1.6
358 "23.12.1996" 2.0919 -4.8 0.3 -2.25
359 "24.12.1996" 3.9933 -7.4 -1.2 -4.3
360 "25.12.1996" 4.6899 -10.7 -1.4 -6.05
361 "26.12.1996" 5.1177 -9.7 -3 -6.35
362 "27.12.1996" 3.1422 -8.4 -5.1 -6.75
363 "28.12.1996" 4.6186 -11.4 -3.2 -7.3
364 "29.12.1996" 1.9172 -13.6 -3.9 -8.75
365 "30.12.1996" 0.8901 -7.8 -2.4 -5.1
366 "31.12.1996" 3.4145 -14 -5.4 -9.7
